LISDLG LISSZE PLADLG PLASZE ODMIRYS LISSZE_normalized PLASZE_normalized 
5.0 6.4 6.5 6.7 6.3 4.6 6.9 6.2 5.9 4.6 6.1 6.0 6.5 5.6 6.5 5.8 6.8 5.1 5.7 6.2 7.7 6.3 6.7 7.6 4.9 5.5 6.7 7.0 6.4 6.1 4.8 5.9 5.5 6.3 6.4 5.2 4.9 5.4 7.9 4.4 6.7 5.0 5.8 4.4 7.7 6.3 4.7 5.5 7.2 4.8 5.1 6.1 4.8 5.0 5.0 6.1 6.4 4.3 5.8 5.1 6.7 6.2 4.9 5.1 5.6 5.8 5.0 4.6 6.0 5.7 5.7 5.0 7.7 6.3 5.8 5.7 7.2 5.4 5.2 7.1 6.4 6.0 6.3 4.9 5.6 5.7 5.5 4.9 7.7 6.0 5.4 6.6 5.2 6.0 5.0 4.4 5.0 5.5 5.8 4.7 4.6 6.9 6.2 7.4 5.9 5.1 5.0 5.6 6.0 7.3 6.7 4.9 6.7 6.3 5.4 5.6 6.3 6.1 6.4 5.1 5.7 6.5 6.9 5.4 5.1 7.2 6.5 6.1 5.6 6.9 6.4 6.8 5.5 4.8 4.8 4.5 5.7 5.7 5.1 5.5 6.6 6.8 5.4 5.1 5.2 5.8 6.7 6.3 5.3 5.0 
5.0 6.4 6.5 6.7 6.3 4.6 6.9 6.2 5.9 4.6 6.1 6.0 6.5 5.6 6.5 5.8 6.8 5.1 5.7 6.2 7.7 6.3 6.7 7.6 4.9 5.5 6.7 7.0 6.4 6.1 4.8 5.9 5.5 6.3 6.4 5.2 4.9 5.4 7.9 4.4 6.7 5.0 5.8 4.4 7.7 6.3 4.7 5.5 7.2 4.8 5.1 6.1 4.8 5.0 5.0 6.1 6.4 4.3 5.8 5.1 6.7 6.2 4.9 5.1 5.6 5.8 5.0 4.6 6.0 5.7 5.7 5.0 7.7 6.3 5.8 5.7 7.2 5.4 5.2 7.1 6.4 6.0 6.3 4.9 5.6 5.7 5.5 4.9 7.7 6.0 5.4 6.6 5.2 6.0 5.0 4.4 5.0 5.5 5.8 4.7 4.6 6.9 6.2 7.4 5.9 5.1 5.0 5.6 6.0 7.3 6.7 4.9 6.7 6.3 5.4 5.6 6.3 6.1 6.4 5.1 5.7 6.5 6.9 5.4 5.1 7.2 6.5 6.1 5.6 6.9 6.4 6.8 5.5 4.8 4.8 4.5 5.7 5.7 5.1 5.5 6.6 6.8 5.4 5.1 5.2 5.8 6.7 6.3 5.3 5.0 
3.3 2.8 2.8 3.1 2.8 3.4 3.1 2.2 3.2 3.6 3.0 2.7 3.0 2.5 3.0 2.7 3.2 3.3 2.8 3.4 3.8 3.3 3.3 3.0 2.5 3.5 3.0 3.2 3.2 2.8 3.1 3.0 2.4 2.5 3.2 3.4 3.6 3.0 3.8 3.2 3.3 3.5 2.6 3.0 2.8 2.7 3.2 2.6 3.2 3.0 3.8 3.0 3.4 3.0 3.2 2.6 2.8 3.0 4.0 3.8 3.1 2.8 3.0 3.5 3.0 2.7 3.4 3.2 2.9 2.6 4.4 3.6 3.0 3.4 2.7 2.9 3.0 3.4 4.1 3.0 3.1 3.0 2.9 2.4 2.7 3.0 4.2 3.1 2.6 2.2 3.9 2.9 2.7 3.4 3.4 2.9 2.0 2.4 2.7 3.2 3.1 3.2 2.9 2.8 3.0 3.4 3.5 2.8 2.2 2.9 2.5 3.1 3.1 2.3 3.7 3.0 2.5 2.8 2.9 2.5 2.8 3.0 3.1 3.9 3.5 3.6 3.2 2.9 2.9 3.1 2.7 3.0 2.5 3.4 3.0 2.3 2.5 3.8 3.8 2.3 3.0 2.8 3.4 3.7 3.5 2.8 3.0 3.3 3.7 2.3 
5.0 6.4 6.5 6.7 6.3 4.6 6.9 6.2 5.9 4.6 6.1 6.0 6.5 5.6 6.5 5.8 6.8 5.1 5.7 6.2 7.7 6.3 6.7 7.6 4.9 5.5 6.7 7.0 6.4 6.1 4.8 5.9 5.5 6.3 6.4 5.2 4.9 5.4 7.9 4.4 6.7 5.0 5.8 4.4 7.7 6.3 4.7 5.5 7.2 4.8 5.1 6.1 4.8 5.0 5.0 6.1 6.4 4.3 5.8 5.1 6.7 6.2 4.9 5.1 5.6 5.8 5.0 4.6 6.0 5.7 5.7 5.0 7.7 6.3 5.8 5.7 7.2 5.4 5.2 7.1 6.4 6.0 6.3 4.9 5.6 5.7 5.5 4.9 7.7 6.0 5.4 6.6 5.2 6.0 5.0 4.4 5.0 5.5 5.8 4.7 4.6 6.9 6.2 7.4 5.9 5.1 5.0 5.6 6.0 7.3 6.7 4.9 6.7 6.3 5.4 5.6 6.3 6.1 6.4 5.1 5.7 6.5 6.9 5.4 5.1 7.2 6.5 6.1 5.6 6.9 6.4 6.8 5.5 4.8 4.8 4.5 5.7 5.7 5.1 5.5 6.6 6.8 5.4 5.1 5.2 5.8 6.7 6.3 5.3 5.0 
3.3 2.8 2.8 3.1 2.8 3.4 3.1 2.2 3.2 3.6 3.0 2.7 3.0 2.5 3.0 2.7 3.2 3.3 2.8 3.4 3.8 3.3 3.3 3.0 2.5 3.5 3.0 3.2 3.2 2.8 3.1 3.0 2.4 2.5 3.2 3.4 3.6 3.0 3.8 3.2 3.3 3.5 2.6 3.0 2.8 2.7 3.2 2.6 3.2 3.0 3.8 3.0 3.4 3.0 3.2 2.6 2.8 3.0 4.0 3.8 3.1 2.8 3.0 3.5 3.0 2.7 3.4 3.2 2.9 2.6 4.4 3.6 3.0 3.4 2.7 2.9 3.0 3.4 4.1 3.0 3.1 3.0 2.9 2.4 2.7 3.0 4.2 3.1 2.6 2.2 3.9 2.9 2.7 3.4 3.4 2.9 2.0 2.4 2.7 3.2 3.1 3.2 2.9 2.8 3.0 3.4 3.5 2.8 2.2 2.9 2.5 3.1 3.1 2.3 3.7 3.0 2.5 2.8 2.9 2.5 2.8 3.0 3.1 3.9 3.5 3.6 3.2 2.9 2.9 3.1 2.7 3.0 2.5 3.4 3.0 2.3 2.5 3.8 3.8 2.3 3.0 2.8 3.4 3.7 3.5 2.8 3.0 3.3 3.7 2.3 
1.4 5.6 4.6 5.6 5.1 1.4 5.1 4.5 4.8 1.0 4.6 5.1 5.2 3.9 5.5 5.1 5.9 1.7 4.5 5.4 6.7 4.7 5.7 6.6 4.5 1.3 5.2 4.7 4.5 4.0 1.6 5.1 3.8 5.0 5.3 1.4 1.4 4.5 6.4 1.3 5.7 1.6 4.0 1.3 6.7 4.9 1.6 4.4 6.0 1.4 1.6 4.9 1.9 1.6 1.2 5.6 5.6 1.1 1.2 1.9 4.4 4.8 1.4 1.4 4.5 4.1 1.6 1.4 4.5 3.5 1.5 1.4 6.1 5.6 5.1 4.2 5.8 1.5 1.5 5.9 5.5 4.8 5.6 3.3 4.2 4.2 1.4 1.5 6.9 5.0 1.7 4.6 3.9 4.5 1.5 1.4 3.5 3.7 3.9 1.3 1.5 5.7 4.3 6.1 4.2 1.5 1.3 4.9 4.0 6.3 5.8 1.5 4.7 4.4 1.5 4.1 4.9 4.7 4.3 3.0 4.1 5.8 5.4 1.3 1.4 6.1 5.1 4.7 3.6 4.9 5.3 5.5 4.0 1.6 1.4 1.3 5.0 1.7 1.5 4.0 4.4 4.8 1.7 1.5 1.5 5.1 5.0 6.0 1.5 3.3 
5.0 6.4 6.5 6.7 6.3 4.6 6.9 6.2 5.9 4.6 6.1 6.0 6.5 5.6 6.5 5.8 6.8 5.1 5.7 6.2 7.7 6.3 6.7 7.6 4.9 5.5 6.7 7.0 6.4 6.1 4.8 5.9 5.5 6.3 6.4 5.2 4.9 5.4 7.9 4.4 6.7 5.0 5.8 4.4 7.7 6.3 4.7 5.5 7.2 4.8 5.1 6.1 4.8 5.0 5.0 6.1 6.4 4.3 5.8 5.1 6.7 6.2 4.9 5.1 5.6 5.8 5.0 4.6 6.0 5.7 5.7 5.0 7.7 6.3 5.8 5.7 7.2 5.4 5.2 7.1 6.4 6.0 6.3 4.9 5.6 5.7 5.5 4.9 7.7 6.0 5.4 6.6 5.2 6.0 5.0 4.4 5.0 5.5 5.8 4.7 4.6 6.9 6.2 7.4 5.9 5.1 5.0 5.6 6.0 7.3 6.7 4.9 6.7 6.3 5.4 5.6 6.3 6.1 6.4 5.1 5.7 6.5 6.9 5.4 5.1 7.2 6.5 6.1 5.6 6.9 6.4 6.8 5.5 4.8 4.8 4.5 5.7 5.7 5.1 5.5 6.6 6.8 5.4 5.1 5.2 5.8 6.7 6.3 5.3 5.0 
3.3 2.8 2.8 3.1 2.8 3.4 3.1 2.2 3.2 3.6 3.0 2.7 3.0 2.5 3.0 2.7 3.2 3.3 2.8 3.4 3.8 3.3 3.3 3.0 2.5 3.5 3.0 3.2 3.2 2.8 3.1 3.0 2.4 2.5 3.2 3.4 3.6 3.0 3.8 3.2 3.3 3.5 2.6 3.0 2.8 2.7 3.2 2.6 3.2 3.0 3.8 3.0 3.4 3.0 3.2 2.6 2.8 3.0 4.0 3.8 3.1 2.8 3.0 3.5 3.0 2.7 3.4 3.2 2.9 2.6 4.4 3.6 3.0 3.4 2.7 2.9 3.0 3.4 4.1 3.0 3.1 3.0 2.9 2.4 2.7 3.0 4.2 3.1 2.6 2.2 3.9 2.9 2.7 3.4 3.4 2.9 2.0 2.4 2.7 3.2 3.1 3.2 2.9 2.8 3.0 3.4 3.5 2.8 2.2 2.9 2.5 3.1 3.1 2.3 3.7 3.0 2.5 2.8 2.9 2.5 2.8 3.0 3.1 3.9 3.5 3.6 3.2 2.9 2.9 3.1 2.7 3.0 2.5 3.4 3.0 2.3 2.5 3.8 3.8 2.3 3.0 2.8 3.4 3.7 3.5 2.8 3.0 3.3 3.7 2.3 
1.4 5.6 4.6 5.6 5.1 1.4 5.1 4.5 4.8 1.0 4.6 5.1 5.2 3.9 5.5 5.1 5.9 1.7 4.5 5.4 6.7 4.7 5.7 6.6 4.5 1.3 5.2 4.7 4.5 4.0 1.6 5.1 3.8 5.0 5.3 1.4 1.4 4.5 6.4 1.3 5.7 1.6 4.0 1.3 6.7 4.9 1.6 4.4 6.0 1.4 1.6 4.9 1.9 1.6 1.2 5.6 5.6 1.1 1.2 1.9 4.4 4.8 1.4 1.4 4.5 4.1 1.6 1.4 4.5 3.5 1.5 1.4 6.1 5.6 5.1 4.2 5.8 1.5 1.5 5.9 5.5 4.8 5.6 3.3 4.2 4.2 1.4 1.5 6.9 5.0 1.7 4.6 3.9 4.5 1.5 1.4 3.5 3.7 3.9 1.3 1.5 5.7 4.3 6.1 4.2 1.5 1.3 4.9 4.0 6.3 5.8 1.5 4.7 4.4 1.5 4.1 4.9 4.7 4.3 3.0 4.1 5.8 5.4 1.3 1.4 6.1 5.1 4.7 3.6 4.9 5.3 5.5 4.0 1.6 1.4 1.3 5.0 1.7 1.5 4.0 4.4 4.8 1.7 1.5 1.5 5.1 5.0 6.0 1.5 3.3 
.2 2.2 1.5 2.4 1.5 .3 2.3 1.5 1.8 .2 1.4 1.6 2.0 1.1 1.8 1.9 2.3 .5 1.3 2.3 2.2 1.6 2.5 2.1 1.7 .2 2.3 1.4 1.5 1.3 .2 1.8 1.1 1.9 2.3 .2 .1 1.5 2.0 .2 2.1 .6 1.2 .2 2.0 1.8 .2 1.2 1.8 .3 .2 1.8 .2 .2 .2 1.4 2.1 .1 .2 .4 1.4 1.8 .2 .2 1.5 1.0 .4 .2 1.5 1.0 .4 .2 2.3 2.4 1.9 1.3 1.6 .4 .1 2.1 1.8 1.8 1.8 1.0 1.3 1.2 .2 .2 2.3 1.5 .4 1.3 1.4 1.6 .2 .2 1.0 1.0 1.2 .2 .2 2.3 1.3 1.9 1.5 .2 .3 2.0 1.0 1.8 1.8 .1 1.5 1.3 .2 1.3 1.5 1.2 1.3 1.1 1.3 2.2 2.1 .4 .3 2.5 2.0 1.4 1.3 1.5 1.9 2.1 1.3 .2 .1 .3 2.0 .3 .3 1.3 1.4 1.4 .2 .4 .2 2.4 1.7 2.5 .2 1.0 
5.0 6.4 6.5 6.7 6.3 4.6 6.9 6.2 5.9 4.6 6.1 6.0 6.5 5.6 6.5 5.8 6.8 5.1 5.7 6.2 7.7 6.3 6.7 7.6 4.9 5.5 6.7 7.0 6.4 6.1 4.8 5.9 5.5 6.3 6.4 5.2 4.9 5.4 7.9 4.4 6.7 5.0 5.8 4.4 7.7 6.3 4.7 5.5 7.2 4.8 5.1 6.1 4.8 5.0 5.0 6.1 6.4 4.3 5.8 5.1 6.7 6.2 4.9 5.1 5.6 5.8 5.0 4.6 6.0 5.7 5.7 5.0 7.7 6.3 5.8 5.7 7.2 5.4 5.2 7.1 6.4 6.0 6.3 4.9 5.6 5.7 5.5 4.9 7.7 6.0 5.4 6.6 5.2 6.0 5.0 4.4 5.0 5.5 5.8 4.7 4.6 6.9 6.2 7.4 5.9 5.1 5.0 5.6 6.0 7.3 6.7 4.9 6.7 6.3 5.4 5.6 6.3 6.1 6.4 5.1 5.7 6.5 6.9 5.4 5.1 7.2 6.5 6.1 5.6 6.9 6.4 6.8 5.5 4.8 4.8 4.5 5.7 5.7 5.1 5.5 6.6 6.8 5.4 5.1 5.2 5.8 6.7 6.3 5.3 5.0 
3.3 2.8 2.8 3.1 2.8 3.4 3.1 2.2 3.2 3.6 3.0 2.7 3.0 2.5 3.0 2.7 3.2 3.3 2.8 3.4 3.8 3.3 3.3 3.0 2.5 3.5 3.0 3.2 3.2 2.8 3.1 3.0 2.4 2.5 3.2 3.4 3.6 3.0 3.8 3.2 3.3 3.5 2.6 3.0 2.8 2.7 3.2 2.6 3.2 3.0 3.8 3.0 3.4 3.0 3.2 2.6 2.8 3.0 4.0 3.8 3.1 2.8 3.0 3.5 3.0 2.7 3.4 3.2 2.9 2.6 4.4 3.6 3.0 3.4 2.7 2.9 3.0 3.4 4.1 3.0 3.1 3.0 2.9 2.4 2.7 3.0 4.2 3.1 2.6 2.2 3.9 2.9 2.7 3.4 3.4 2.9 2.0 2.4 2.7 3.2 3.1 3.2 2.9 2.8 3.0 3.4 3.5 2.8 2.2 2.9 2.5 3.1 3.1 2.3 3.7 3.0 2.5 2.8 2.9 2.5 2.8 3.0 3.1 3.9 3.5 3.6 3.2 2.9 2.9 3.1 2.7 3.0 2.5 3.4 3.0 2.3 2.5 3.8 3.8 2.3 3.0 2.8 3.4 3.7 3.5 2.8 3.0 3.3 3.7 2.3 
1.4 5.6 4.6 5.6 5.1 1.4 5.1 4.5 4.8 1.0 4.6 5.1 5.2 3.9 5.5 5.1 5.9 1.7 4.5 5.4 6.7 4.7 5.7 6.6 4.5 1.3 5.2 4.7 4.5 4.0 1.6 5.1 3.8 5.0 5.3 1.4 1.4 4.5 6.4 1.3 5.7 1.6 4.0 1.3 6.7 4.9 1.6 4.4 6.0 1.4 1.6 4.9 1.9 1.6 1.2 5.6 5.6 1.1 1.2 1.9 4.4 4.8 1.4 1.4 4.5 4.1 1.6 1.4 4.5 3.5 1.5 1.4 6.1 5.6 5.1 4.2 5.8 1.5 1.5 5.9 5.5 4.8 5.6 3.3 4.2 4.2 1.4 1.5 6.9 5.0 1.7 4.6 3.9 4.5 1.5 1.4 3.5 3.7 3.9 1.3 1.5 5.7 4.3 6.1 4.2 1.5 1.3 4.9 4.0 6.3 5.8 1.5 4.7 4.4 1.5 4.1 4.9 4.7 4.3 3.0 4.1 5.8 5.4 1.3 1.4 6.1 5.1 4.7 3.6 4.9 5.3 5.5 4.0 1.6 1.4 1.3 5.0 1.7 1.5 4.0 4.4 4.8 1.7 1.5 1.5 5.1 5.0 6.0 1.5 3.3 
.2 2.2 1.5 2.4 1.5 .3 2.3 1.5 1.8 .2 1.4 1.6 2.0 1.1 1.8 1.9 2.3 .5 1.3 2.3 2.2 1.6 2.5 2.1 1.7 .2 2.3 1.4 1.5 1.3 .2 1.8 1.1 1.9 2.3 .2 .1 1.5 2.0 .2 2.1 .6 1.2 .2 2.0 1.8 .2 1.2 1.8 .3 .2 1.8 .2 .2 .2 1.4 2.1 .1 .2 .4 1.4 1.8 .2 .2 1.5 1.0 .4 .2 1.5 1.0 .4 .2 2.3 2.4 1.9 1.3 1.6 .4 .1 2.1 1.8 1.8 1.8 1.0 1.3 1.2 .2 .2 2.3 1.5 .4 1.3 1.4 1.6 .2 .2 1.0 1.0 1.2 .2 .2 2.3 1.3 1.9 1.5 .2 .3 2.0 1.0 1.8 1.8 .1 1.5 1.3 .2 1.3 1.5 1.2 1.3 1.1 1.3 2.2 2.1 .4 .3 2.5 2.0 1.4 1.3 1.5 1.9 2.1 1.3 .2 .1 .3 2.0 .3 .3 1.3 1.4 1.4 .2 .4 .2 2.4 1.7 2.5 .2 1.0 
SETOSA VIRGINIC VERSICOL VIRGINIC VIRGINIC SETOSA VIRGINIC VERSICOL VERSICOL SETOSA VERSICOL VERSICOL VIRGINIC VERSICOL VIRGINIC VIRGINIC VIRGINIC SETOSA VERSICOL VIRGINIC VIRGINIC VERSICOL VIRGINIC VIRGINIC VIRGINIC SETOSA VIRGINIC VERSICOL VERSICOL VERSICOL SETOSA VIRGINIC VERSICOL VIRGINIC VIRGINIC SETOSA SETOSA VERSICOL VIRGINIC SETOSA VIRGINIC SETOSA VERSICOL SETOSA VIRGINIC VIRGINIC SETOSA VERSICOL VIRGINIC SETOSA SETOSA VIRGINIC SETOSA SETOSA SETOSA VIRGINIC VIRGINIC SETOSA SETOSA SETOSA VERSICOL VIRGINIC SETOSA SETOSA VERSICOL VERSICOL SETOSA SETOSA VERSICOL VERSICOL SETOSA SETOSA VIRGINIC VIRGINIC VIRGINIC VERSICOL VIRGINIC SETOSA SETOSA VIRGINIC VIRGINIC VIRGINIC VIRGINIC VERSICOL VERSICOL VERSICOL SETOSA SETOSA VIRGINIC VIRGINIC SETOSA VERSICOL VERSICOL VERSICOL SETOSA SETOSA VERSICOL VERSICOL VERSICOL SETOSA SETOSA VIRGINIC VERSICOL VIRGINIC VERSICOL SETOSA SETOSA VIRGINIC VERSICOL VIRGINIC VIRGINIC SETOSA VERSICOL VERSICOL SETOSA VERSICOL VERSICOL VERSICOL VERSICOL VERSICOL VERSICOL VIRGINIC VIRGINIC SETOSA SETOSA VIRGINIC VIRGINIC VERSICOL VERSICOL VERSICOL VIRGINIC VIRGINIC VERSICOL SETOSA SETOSA SETOSA VIRGINIC SETOSA SETOSA VERSICOL VERSICOL VERSICOL SETOSA SETOSA SETOSA VIRGINIC VERSICOL VIRGINIC SETOSA VERSICOL 
5.0 6.4 6.5 6.7 6.3 4.6 6.9 6.2 5.9 4.6 6.1 6.0 6.5 5.6 6.5 5.8 6.8 5.1 5.7 6.2 7.7 6.3 6.7 7.6 4.9 5.5 6.7 7.0 6.4 6.1 4.8 5.9 5.5 6.3 6.4 5.2 4.9 5.4 7.9 4.4 6.7 5.0 5.8 4.4 7.7 6.3 4.7 5.5 7.2 4.8 5.1 6.1 4.8 5.0 5.0 6.1 6.4 4.3 5.8 5.1 6.7 6.2 4.9 5.1 5.6 5.8 5.0 4.6 6.0 5.7 5.7 5.0 7.7 6.3 5.8 5.7 7.2 5.4 5.2 7.1 6.4 6.0 6.3 4.9 5.6 5.7 5.5 4.9 7.7 6.0 5.4 6.6 5.2 6.0 5.0 4.4 5.0 5.5 5.8 4.7 4.6 6.9 6.2 7.4 5.9 5.1 5.0 5.6 6.0 7.3 6.7 4.9 6.7 6.3 5.4 5.6 6.3 6.1 6.4 5.1 5.7 6.5 6.9 5.4 5.1 7.2 6.5 6.1 5.6 6.9 6.4 6.8 5.5 4.8 4.8 4.5 5.7 5.7 5.1 5.5 6.6 6.8 5.4 5.1 5.2 5.8 6.7 6.3 5.3 5.0 
3.3 2.8 2.8 3.1 2.8 3.4 3.1 2.2 3.2 3.6 3.0 2.7 3.0 2.5 3.0 2.7 3.2 3.3 2.8 3.4 3.8 3.3 3.3 3.0 2.5 3.5 3.0 3.2 3.2 2.8 3.1 3.0 2.4 2.5 3.2 3.4 3.6 3.0 3.8 3.2 3.3 3.5 2.6 3.0 2.8 2.7 3.2 2.6 3.2 3.0 3.8 3.0 3.4 3.0 3.2 2.6 2.8 3.0 4.0 3.8 3.1 2.8 3.0 3.5 3.0 2.7 3.4 3.2 2.9 2.6 4.4 3.6 3.0 3.4 2.7 2.9 3.0 3.4 4.1 3.0 3.1 3.0 2.9 2.4 2.7 3.0 4.2 3.1 2.6 2.2 3.9 2.9 2.7 3.4 3.4 2.9 2.0 2.4 2.7 3.2 3.1 3.2 2.9 2.8 3.0 3.4 3.5 2.8 2.2 2.9 2.5 3.1 3.1 2.3 3.7 3.0 2.5 2.8 2.9 2.5 2.8 3.0 3.1 3.9 3.5 3.6 3.2 2.9 2.9 3.1 2.7 3.0 2.5 3.4 3.0 2.3 2.5 3.8 3.8 2.3 3.0 2.8 3.4 3.7 3.5 2.8 3.0 3.3 3.7 2.3 
1.4 5.6 4.6 5.6 5.1 1.4 5.1 4.5 4.8 1.0 4.6 5.1 5.2 3.9 5.5 5.1 5.9 1.7 4.5 5.4 6.7 4.7 5.7 6.6 4.5 1.3 5.2 4.7 4.5 4.0 1.6 5.1 3.8 5.0 5.3 1.4 1.4 4.5 6.4 1.3 5.7 1.6 4.0 1.3 6.7 4.9 1.6 4.4 6.0 1.4 1.6 4.9 1.9 1.6 1.2 5.6 5.6 1.1 1.2 1.9 4.4 4.8 1.4 1.4 4.5 4.1 1.6 1.4 4.5 3.5 1.5 1.4 6.1 5.6 5.1 4.2 5.8 1.5 1.5 5.9 5.5 4.8 5.6 3.3 4.2 4.2 1.4 1.5 6.9 5.0 1.7 4.6 3.9 4.5 1.5 1.4 3.5 3.7 3.9 1.3 1.5 5.7 4.3 6.1 4.2 1.5 1.3 4.9 4.0 6.3 5.8 1.5 4.7 4.4 1.5 4.1 4.9 4.7 4.3 3.0 4.1 5.8 5.4 1.3 1.4 6.1 5.1 4.7 3.6 4.9 5.3 5.5 4.0 1.6 1.4 1.3 5.0 1.7 1.5 4.0 4.4 4.8 1.7 1.5 1.5 5.1 5.0 6.0 1.5 3.3 
.2 2.2 1.5 2.4 1.5 .3 2.3 1.5 1.8 .2 1.4 1.6 2.0 1.1 1.8 1.9 2.3 .5 1.3 2.3 2.2 1.6 2.5 2.1 1.7 .2 2.3 1.4 1.5 1.3 .2 1.8 1.1 1.9 2.3 .2 .1 1.5 2.0 .2 2.1 .6 1.2 .2 2.0 1.8 .2 1.2 1.8 .3 .2 1.8 .2 .2 .2 1.4 2.1 .1 .2 .4 1.4 1.8 .2 .2 1.5 1.0 .4 .2 1.5 1.0 .4 .2 2.3 2.4 1.9 1.3 1.6 .4 .1 2.1 1.8 1.8 1.8 1.0 1.3 1.2 .2 .2 2.3 1.5 .4 1.3 1.4 1.6 .2 .2 1.0 1.0 1.2 .2 .2 2.3 1.3 1.9 1.5 .2 .3 2.0 1.0 1.8 1.8 .1 1.5 1.3 .2 1.3 1.5 1.2 1.3 1.1 1.3 2.2 2.1 .4 .3 2.5 2.0 1.4 1.3 1.5 1.9 2.1 1.3 .2 .1 .3 2.0 .3 .3 1.3 1.4 1.4 .2 .4 .2 2.4 1.7 2.5 .2 1.0 
SETOSA VIRGINIC VERSICOL VIRGINIC VIRGINIC SETOSA VIRGINIC VERSICOL VERSICOL SETOSA VERSICOL VERSICOL VIRGINIC VERSICOL VIRGINIC VIRGINIC VIRGINIC SETOSA VERSICOL VIRGINIC VIRGINIC VERSICOL VIRGINIC VIRGINIC VIRGINIC SETOSA VIRGINIC VERSICOL VERSICOL VERSICOL SETOSA VIRGINIC VERSICOL VIRGINIC VIRGINIC SETOSA SETOSA VERSICOL VIRGINIC SETOSA VIRGINIC SETOSA VERSICOL SETOSA VIRGINIC VIRGINIC SETOSA VERSICOL VIRGINIC SETOSA SETOSA VIRGINIC SETOSA SETOSA SETOSA VIRGINIC VIRGINIC SETOSA SETOSA SETOSA VERSICOL VIRGINIC SETOSA SETOSA VERSICOL VERSICOL SETOSA SETOSA VERSICOL VERSICOL SETOSA SETOSA VIRGINIC VIRGINIC VIRGINIC VERSICOL VIRGINIC SETOSA SETOSA VIRGINIC VIRGINIC VIRGINIC VIRGINIC VERSICOL VERSICOL VERSICOL SETOSA SETOSA VIRGINIC VIRGINIC SETOSA VERSICOL VERSICOL VERSICOL SETOSA SETOSA VERSICOL VERSICOL VERSICOL SETOSA SETOSA VIRGINIC VERSICOL VIRGINIC VERSICOL SETOSA SETOSA VIRGINIC VERSICOL VIRGINIC VIRGINIC SETOSA VERSICOL VERSICOL SETOSA VERSICOL VERSICOL VERSICOL VERSICOL VERSICOL VERSICOL VIRGINIC VIRGINIC SETOSA SETOSA VIRGINIC VIRGINIC VERSICOL VERSICOL VERSICOL VIRGINIC VIRGINIC VERSICOL SETOSA SETOSA SETOSA VIRGINIC SETOSA SETOSA VERSICOL VERSICOL VERSICOL SETOSA SETOSA SETOSA VIRGINIC VERSICOL VIRGINIC SETOSA VERSICOL 
1.0686385053111074 0.9067235802639698 0.9067235802639698 1.0038725352922524 0.9067235802639698 1.1010214903205349 1.0038725352922524 0.712425670207405 1.0362555203016799 1.1657874603393898 0.9714895502828249 0.8743405952545424 0.9714895502828249 0.8095746252356875 0.9714895502828249 0.8743405952545424 1.0362555203016799 1.0686385053111074 0.9067235802639698 1.1010214903205349 1.2305534303582448 1.0686385053111074 1.0686385053111074 0.9714895502828249 0.8095746252356875 1.1334044753299624 0.9714895502828249 1.0362555203016799 1.0362555203016799 0.9067235802639698 1.0038725352922524 0.9714895502828249 0.7771916402262599 0.8095746252356875 1.0362555203016799 1.1010214903205349 1.1657874603393898 0.9714895502828249 1.2305534303582448 1.0362555203016799 1.0686385053111074 1.1334044753299624 0.841957610245115 0.9714895502828249 0.9067235802639698 0.8743405952545424 1.0362555203016799 0.841957610245115 1.0362555203016799 0.9714895502828249 1.2305534303582448 0.9714895502828249 1.1010214903205349 0.9714895502828249 1.0362555203016799 0.841957610245115 0.9067235802639698 0.9714895502828249 1.2953194003770998 1.2305534303582448 1.0038725352922524 0.9067235802639698 0.9714895502828249 1.1334044753299624 0.9714895502828249 0.8743405952545424 1.1010214903205349 1.0362555203016799 0.9391065652733973 0.841957610245115 1.42485134041481 1.1657874603393898 0.9714895502828249 1.1010214903205349 0.8743405952545424 0.9391065652733973 0.9714895502828249 1.1010214903205349 1.3277023853865273 0.9714895502828249 1.0038725352922524 0.9714895502828249 0.9391065652733973 0.7771916402262599 0.8743405952545424 0.9714895502828249 1.360085370395955 1.0038725352922524 0.841957610245115 0.712425670207405 1.2629364153676723 0.9391065652733973 0.8743405952545424 1.1010214903205349 1.1010214903205349 0.9391065652733973 0.6476597001885499 0.7771916402262599 0.8743405952545424 1.0362555203016799 1.0038725352922524 1.0362555203016799 0.9391065652733973 0.9067235802639698 0.9714895502828249 1.1010214903205349 1.1334044753299624 0.9067235802639698 0.712425670207405 0.9391065652733973 0.8095746252356875 1.0038725352922524 1.0038725352922524 0.7448086552168324 1.1981704453488173 0.9714895502828249 0.8095746252356875 0.9067235802639698 0.9391065652733973 0.8095746252356875 0.9067235802639698 0.9714895502828249 1.0038725352922524 1.2629364153676723 1.1334044753299624 1.1657874603393898 1.0362555203016799 0.9391065652733973 0.9391065652733973 1.0038725352922524 0.8743405952545424 0.9714895502828249 0.8095746252356875 1.1010214903205349 0.9714895502828249 0.7448086552168324 0.8095746252356875 1.2305534303582448 1.2305534303582448 0.7448086552168324 0.9714895502828249 0.9067235802639698 1.1010214903205349 1.1981704453488173 1.1334044753299624 0.9067235802639698 0.9714895502828249 1.0686385053111074 1.1981704453488173 0.7448086552168324 
5.0 6.4 6.5 6.7 6.3 4.6 6.9 6.2 5.9 4.6 6.1 6.0 6.5 5.6 6.5 5.8 6.8 5.1 5.7 6.2 7.7 6.3 6.7 7.6 4.9 5.5 6.7 7.0 6.4 6.1 4.8 5.9 5.5 6.3 6.4 5.2 4.9 5.4 7.9 4.4 6.7 5.0 5.8 4.4 7.7 6.3 4.7 5.5 7.2 4.8 5.1 6.1 4.8 5.0 5.0 6.1 6.4 4.3 5.8 5.1 6.7 6.2 4.9 5.1 5.6 5.8 5.0 4.6 6.0 5.7 5.7 5.0 7.7 6.3 5.8 5.7 7.2 5.4 5.2 7.1 6.4 6.0 6.3 4.9 5.6 5.7 5.5 4.9 7.7 6.0 5.4 6.6 5.2 6.0 5.0 4.4 5.0 5.5 5.8 4.7 4.6 6.9 6.2 7.4 5.9 5.1 5.0 5.6 6.0 7.3 6.7 4.9 6.7 6.3 5.4 5.6 6.3 6.1 6.4 5.1 5.7 6.5 6.9 5.4 5.1 7.2 6.5 6.1 5.6 6.9 6.4 6.8 5.5 4.8 4.8 4.5 5.7 5.7 5.1 5.5 6.6 6.8 5.4 5.1 5.2 5.8 6.7 6.3 5.3 5.0 
3.3 2.8 2.8 3.1 2.8 3.4 3.1 2.2 3.2 3.6 3.0 2.7 3.0 2.5 3.0 2.7 3.2 3.3 2.8 3.4 3.8 3.3 3.3 3.0 2.5 3.5 3.0 3.2 3.2 2.8 3.1 3.0 2.4 2.5 3.2 3.4 3.6 3.0 3.8 3.2 3.3 3.5 2.6 3.0 2.8 2.7 3.2 2.6 3.2 3.0 3.8 3.0 3.4 3.0 3.2 2.6 2.8 3.0 4.0 3.8 3.1 2.8 3.0 3.5 3.0 2.7 3.4 3.2 2.9 2.6 4.4 3.6 3.0 3.4 2.7 2.9 3.0 3.4 4.1 3.0 3.1 3.0 2.9 2.4 2.7 3.0 4.2 3.1 2.6 2.2 3.9 2.9 2.7 3.4 3.4 2.9 2.0 2.4 2.7 3.2 3.1 3.2 2.9 2.8 3.0 3.4 3.5 2.8 2.2 2.9 2.5 3.1 3.1 2.3 3.7 3.0 2.5 2.8 2.9 2.5 2.8 3.0 3.1 3.9 3.5 3.6 3.2 2.9 2.9 3.1 2.7 3.0 2.5 3.4 3.0 2.3 2.5 3.8 3.8 2.3 3.0 2.8 3.4 3.7 3.5 2.8 3.0 3.3 3.7 2.3 
1.4 5.6 4.6 5.6 5.1 1.4 5.1 4.5 4.8 1.0 4.6 5.1 5.2 3.9 5.5 5.1 5.9 1.7 4.5 5.4 6.7 4.7 5.7 6.6 4.5 1.3 5.2 4.7 4.5 4.0 1.6 5.1 3.8 5.0 5.3 1.4 1.4 4.5 6.4 1.3 5.7 1.6 4.0 1.3 6.7 4.9 1.6 4.4 6.0 1.4 1.6 4.9 1.9 1.6 1.2 5.6 5.6 1.1 1.2 1.9 4.4 4.8 1.4 1.4 4.5 4.1 1.6 1.4 4.5 3.5 1.5 1.4 6.1 5.6 5.1 4.2 5.8 1.5 1.5 5.9 5.5 4.8 5.6 3.3 4.2 4.2 1.4 1.5 6.9 5.0 1.7 4.6 3.9 4.5 1.5 1.4 3.5 3.7 3.9 1.3 1.5 5.7 4.3 6.1 4.2 1.5 1.3 4.9 4.0 6.3 5.8 1.5 4.7 4.4 1.5 4.1 4.9 4.7 4.3 3.0 4.1 5.8 5.4 1.3 1.4 6.1 5.1 4.7 3.6 4.9 5.3 5.5 4.0 1.6 1.4 1.3 5.0 1.7 1.5 4.0 4.4 4.8 1.7 1.5 1.5 5.1 5.0 6.0 1.5 3.3 
.2 2.2 1.5 2.4 1.5 .3 2.3 1.5 1.8 .2 1.4 1.6 2.0 1.1 1.8 1.9 2.3 .5 1.3 2.3 2.2 1.6 2.5 2.1 1.7 .2 2.3 1.4 1.5 1.3 .2 1.8 1.1 1.9 2.3 .2 .1 1.5 2.0 .2 2.1 .6 1.2 .2 2.0 1.8 .2 1.2 1.8 .3 .2 1.8 .2 .2 .2 1.4 2.1 .1 .2 .4 1.4 1.8 .2 .2 1.5 1.0 .4 .2 1.5 1.0 .4 .2 2.3 2.4 1.9 1.3 1.6 .4 .1 2.1 1.8 1.8 1.8 1.0 1.3 1.2 .2 .2 2.3 1.5 .4 1.3 1.4 1.6 .2 .2 1.0 1.0 1.2 .2 .2 2.3 1.3 1.9 1.5 .2 .3 2.0 1.0 1.8 1.8 .1 1.5 1.3 .2 1.3 1.5 1.2 1.3 1.1 1.3 2.2 2.1 .4 .3 2.5 2.0 1.4 1.3 1.5 1.9 2.1 1.3 .2 .1 .3 2.0 .3 .3 1.3 1.4 1.4 .2 .4 .2 2.4 1.7 2.5 .2 1.0 
SETOSA VIRGINIC VERSICOL VIRGINIC VIRGINIC SETOSA VIRGINIC VERSICOL VERSICOL SETOSA VERSICOL VERSICOL VIRGINIC VERSICOL VIRGINIC VIRGINIC VIRGINIC SETOSA VERSICOL VIRGINIC VIRGINIC VERSICOL VIRGINIC VIRGINIC VIRGINIC SETOSA VIRGINIC VERSICOL VERSICOL VERSICOL SETOSA VIRGINIC VERSICOL VIRGINIC VIRGINIC SETOSA SETOSA VERSICOL VIRGINIC SETOSA VIRGINIC SETOSA VERSICOL SETOSA VIRGINIC VIRGINIC SETOSA VERSICOL VIRGINIC SETOSA SETOSA VIRGINIC SETOSA SETOSA SETOSA VIRGINIC VIRGINIC SETOSA SETOSA SETOSA VERSICOL VIRGINIC SETOSA SETOSA VERSICOL VERSICOL SETOSA SETOSA VERSICOL VERSICOL SETOSA SETOSA VIRGINIC VIRGINIC VIRGINIC VERSICOL VIRGINIC SETOSA SETOSA VIRGINIC VIRGINIC VIRGINIC VIRGINIC VERSICOL VERSICOL VERSICOL SETOSA SETOSA VIRGINIC VIRGINIC SETOSA VERSICOL VERSICOL VERSICOL SETOSA SETOSA VERSICOL VERSICOL VERSICOL SETOSA SETOSA VIRGINIC VERSICOL VIRGINIC VERSICOL SETOSA SETOSA VIRGINIC VERSICOL VIRGINIC VIRGINIC SETOSA VERSICOL VERSICOL SETOSA VERSICOL VERSICOL VERSICOL VERSICOL VERSICOL VERSICOL VIRGINIC VIRGINIC SETOSA SETOSA VIRGINIC VIRGINIC VERSICOL VERSICOL VERSICOL VIRGINIC VIRGINIC VERSICOL SETOSA SETOSA SETOSA VIRGINIC SETOSA SETOSA VERSICOL VERSICOL VERSICOL SETOSA SETOSA SETOSA VIRGINIC VERSICOL VIRGINIC SETOSA VERSICOL 
1.0686385053111074 0.9067235802639698 0.9067235802639698 1.0038725352922524 0.9067235802639698 1.1010214903205349 1.0038725352922524 0.712425670207405 1.0362555203016799 1.1657874603393898 0.9714895502828249 0.8743405952545424 0.9714895502828249 0.8095746252356875 0.9714895502828249 0.8743405952545424 1.0362555203016799 1.0686385053111074 0.9067235802639698 1.1010214903205349 1.2305534303582448 1.0686385053111074 1.0686385053111074 0.9714895502828249 0.8095746252356875 1.1334044753299624 0.9714895502828249 1.0362555203016799 1.0362555203016799 0.9067235802639698 1.0038725352922524 0.9714895502828249 0.7771916402262599 0.8095746252356875 1.0362555203016799 1.1010214903205349 1.1657874603393898 0.9714895502828249 1.2305534303582448 1.0362555203016799 1.0686385053111074 1.1334044753299624 0.841957610245115 0.9714895502828249 0.9067235802639698 0.8743405952545424 1.0362555203016799 0.841957610245115 1.0362555203016799 0.9714895502828249 1.2305534303582448 0.9714895502828249 1.1010214903205349 0.9714895502828249 1.0362555203016799 0.841957610245115 0.9067235802639698 0.9714895502828249 1.2953194003770998 1.2305534303582448 1.0038725352922524 0.9067235802639698 0.9714895502828249 1.1334044753299624 0.9714895502828249 0.8743405952545424 1.1010214903205349 1.0362555203016799 0.9391065652733973 0.841957610245115 1.42485134041481 1.1657874603393898 0.9714895502828249 1.1010214903205349 0.8743405952545424 0.9391065652733973 0.9714895502828249 1.1010214903205349 1.3277023853865273 0.9714895502828249 1.0038725352922524 0.9714895502828249 0.9391065652733973 0.7771916402262599 0.8743405952545424 0.9714895502828249 1.360085370395955 1.0038725352922524 0.841957610245115 0.712425670207405 1.2629364153676723 0.9391065652733973 0.8743405952545424 1.1010214903205349 1.1010214903205349 0.9391065652733973 0.6476597001885499 0.7771916402262599 0.8743405952545424 1.0362555203016799 1.0038725352922524 1.0362555203016799 0.9391065652733973 0.9067235802639698 0.9714895502828249 1.1010214903205349 1.1334044753299624 0.9067235802639698 0.712425670207405 0.9391065652733973 0.8095746252356875 1.0038725352922524 1.0038725352922524 0.7448086552168324 1.1981704453488173 0.9714895502828249 0.8095746252356875 0.9067235802639698 0.9391065652733973 0.8095746252356875 0.9067235802639698 0.9714895502828249 1.0038725352922524 1.2629364153676723 1.1334044753299624 1.1657874603393898 1.0362555203016799 0.9391065652733973 0.9391065652733973 1.0038725352922524 0.8743405952545424 0.9714895502828249 0.8095746252356875 1.1010214903205349 0.9714895502828249 0.7448086552168324 0.8095746252356875 1.2305534303582448 1.2305534303582448 0.7448086552168324 0.9714895502828249 0.9067235802639698 1.1010214903205349 1.1981704453488173 1.1334044753299624 0.9067235802639698 0.9714895502828249 1.0686385053111074 1.1981704453488173 0.7448086552168324 
0.14087534841561714 1.5496288325717884 1.0565651131171285 1.6905041809874055 1.0565651131171285 0.2113130226234257 1.6200665067795967 1.0565651131171285 1.2678781357405542 0.14087534841561714 0.9861274389093199 1.127002787324937 1.4087534841561713 0.7748144162858942 1.2678781357405542 1.3383158099483625 1.6200665067795967 0.3521883710390428 0.9156897647015113 1.6200665067795967 1.5496288325717884 1.127002787324937 1.760941855195214 1.4791911583639799 1.1974404615327456 0.14087534841561714 1.6200665067795967 0.9861274389093199 1.0565651131171285 0.9156897647015113 0.14087534841561714 1.2678781357405542 0.7748144162858942 1.3383158099483625 1.6200665067795967 0.14087534841561714 0.07043767420780857 1.0565651131171285 1.4087534841561713 0.14087534841561714 1.4791911583639799 0.4226260452468514 0.8452520904937028 0.14087534841561714 1.4087534841561713 1.2678781357405542 0.14087534841561714 0.8452520904937028 1.2678781357405542 0.2113130226234257 0.14087534841561714 1.2678781357405542 0.14087534841561714 0.14087534841561714 0.14087534841561714 0.9861274389093199 1.4791911583639799 0.07043767420780857 0.14087534841561714 0.28175069683123427 0.9861274389093199 1.2678781357405542 0.14087534841561714 0.14087534841561714 1.0565651131171285 0.7043767420780856 0.28175069683123427 0.14087534841561714 1.0565651131171285 0.7043767420780856 0.28175069683123427 0.14087534841561714 1.6200665067795967 1.6905041809874055 1.3383158099483625 0.9156897647015113 1.127002787324937 0.28175069683123427 0.07043767420780857 1.4791911583639799 1.2678781357405542 1.2678781357405542 1.2678781357405542 0.7043767420780856 0.9156897647015113 0.8452520904937028 0.14087534841561714 0.14087534841561714 1.6200665067795967 1.0565651131171285 0.28175069683123427 0.9156897647015113 0.9861274389093199 1.127002787324937 0.14087534841561714 0.14087534841561714 0.7043767420780856 0.7043767420780856 0.8452520904937028 0.14087534841561714 0.14087534841561714 1.6200665067795967 0.9156897647015113 1.3383158099483625 1.0565651131171285 0.14087534841561714 0.2113130226234257 1.4087534841561713 0.7043767420780856 1.2678781357405542 1.2678781357405542 0.07043767420780857 1.0565651131171285 0.9156897647015113 0.14087534841561714 0.9156897647015113 1.0565651131171285 0.8452520904937028 0.9156897647015113 0.7748144162858942 0.9156897647015113 1.5496288325717884 1.4791911583639799 0.28175069683123427 0.2113130226234257 1.760941855195214 1.4087534841561713 0.9861274389093199 0.9156897647015113 1.0565651131171285 1.3383158099483625 1.4791911583639799 0.9156897647015113 0.14087534841561714 0.07043767420780857 0.2113130226234257 1.4087534841561713 0.2113130226234257 0.2113130226234257 0.9156897647015113 0.9861274389093199 0.9861274389093199 0.14087534841561714 0.28175069683123427 0.14087534841561714 1.6905041809874055 1.1974404615327456 1.760941855195214 0.14087534841561714 0.7043767420780856 
